14.757
12.072
17.887
25.738
16.400
16.270
13.993
15.517
10.169
18.621
18.463
12.004
19.791
17.263
23.929
11.840
10.769
16.386
10.420
18.684
24.964
18.609
25.680
26.003
11.386
18.411
23.124
15.405
16.438
11.162
16.713
18.085
40.076
10.165
16.630
41.561
30.222
17.596
40.498
132.418
12.168
19.653
34.861
11.555
14.190
15.261
17.131
18.286
16.437
18.968
13.224
13.526
12.584
11.202
11.314
13.146
37.318
16.356
10.193
12.270
14.382
10.659
10.957
359.608
12.638
15.289
19.416
21.586
10.301
12.396
30.851
24.643
15.533
17.272
24.262
11.789
10.567
21.553
39.423
14.295
23.498
12.102
21.086
12.481
17.829
16.575
10.281
